       0      7.36126
       1      7.43102
       2      7.50013
       3      7.56859
       4      7.63643
       5      7.70367
       6      7.77031
       7      7.83638
       8      7.90189
       9      7.96685
      10      8.03127
      11      8.09517
      12      8.15857
      13      8.22147
      14      8.28388
      15      8.34581
      16      8.40728
      17      8.46830
      18      8.52887
      19      8.58901
      20      8.64872
      21      8.70801
      22      8.76689
      23      8.82537
      24      8.88346
      25      8.94117
      26      8.99849
      27      9.05545
      28      9.11204
      29      9.16827
      30      9.22416
      31      9.27970
      32      9.33490
      33      9.38977
      34      9.44431
      35      9.49853
      36      9.55244
      37      9.60604
      38      9.65933
      39      9.71233
      40      9.76502
      41      9.81743
      42      9.86955
      43      9.92140
      44      9.97296
      45      10.0243
      46      10.0753
      47      10.1260
      48      10.1765
      49      10.2268
      50      10.2768
      51      10.3265
      52      10.3760
      53      10.4253
      54      10.4743
      55      10.5231
      56      10.5716
      57      10.6199
      58      10.6680
      59      10.7159
      60      10.7636
      61      10.8110
      62      10.8582
      63      10.9052
      64      10.9520
      65      10.9986
      66      11.0450
      67      11.0912
      68      11.1372
      69      11.1830
      70      11.2286
      71      11.2741
      72      11.3193
      73      11.3643
      74      11.4092
      75      11.4539
      76      11.4984
      77      11.5427
      78      11.5868
      79      11.6308
      80      11.6746
      81      11.7182
      82      11.7617
      83      11.8050
      84      11.8481
      85      11.8911
      86      11.9339
      87      11.9765
      88      12.0190
      89      12.0614
      90      12.1035
      91      12.1456
      92      12.1875
      93      12.2292
      94      12.2708
      95      12.3122
      96      12.3535
      97      12.3946
      98      12.4356
      99      12.4765
     100      12.5172
     101      12.5578
     102      12.5983
     103      12.6386
     104      12.6788
     105      12.7188
     106      12.7587
     107      12.7985
     108      12.8382
     109      12.8777
     110      12.9171
     111      12.9564
     112      12.9956
     113      13.0346
     114      13.0735
     115      13.1123
     116      13.1510
     117      13.1895
     118      13.2280
     119      13.2663
     120      13.3045
     121      13.3426
     122      13.3806
     123      13.4184
     124      13.4562
     125      13.4938
     126      13.5313
     127      13.5688
