  0      7.58361
  1      7.65123
  2      7.71825
  3      7.78468
  4      7.85054
  5      7.91583
  6      7.98059
  7      8.04481
  8      8.10851
  9      8.17171
 10      8.23441
 11      8.29662
 12      8.35837
 13      8.41964
 14      8.48047
 15      8.54086
 16      8.60081
 17      8.66033
 18      8.71944
 19      8.77814
 20      8.83645
 21      8.89436
 22      8.95188
 23      9.00903
 24      9.06581
 25      9.12223
 26      9.17829
 27      9.23400
 28      9.28937
 29      9.34441
 30      9.39911
 31      9.45348
 32      9.50754
 33      9.56128
 34      9.61471
 35      9.66784
 36      9.72067
 37      9.77320
 38      9.82545
 39      9.87741
 40      9.92908
 41      9.98049
 42     10.0316
 43     10.0825
 44     10.1331
 45     10.1834
 46     10.2335
 47     10.2833
 48     10.3329
 49     10.3823
 50     10.4314
 51     10.4802
 52     10.5288
 53     10.5772
 54     10.6254
 55     10.6733
 56     10.7211
 57     10.7686
 58     10.8158
 59     10.8629
 60     10.9098
 61     10.9564
 62     11.0029
 63     11.0491
 64     11.0951
 65     11.1410
 66     11.1866
 67     11.2321
 68     11.2773
 69     11.3224
 70     11.3673
 71     11.4120
 72     11.4565
 73     11.5009
 74     11.5451
 75     11.5890
 76     11.6329
 77     11.6765
 78     11.7200
 79     11.7633
 80     11.8064
 81     11.8494
 82     11.8922
 83     11.9349
 84     11.9774
 85     12.0197
 86     12.0619
 87     12.1039
 88     12.1458
 89     12.1875
 90     12.2291
 91     12.2705
 92     12.3118
 93     12.3529
 94     12.3939
 95     12.4348
 96     12.4755
 97     12.5161
 98     12.5565
 99     12.5968
100     12.6370
101     12.6770
102     12.7169
103     12.7566
104     12.7963
105     12.8358
106     12.8752
107     12.9144
108     12.9535
109     12.9925
110     13.0314
111     13.0702
112     13.1088
113     13.1473
114     13.1857
115     13.2240
116     13.2622
117     13.3002
118     13.3381
119     13.3759
120     13.4137
121     13.4512
122     13.4887
123     13.5261
124     13.5634
125     13.6005
126     13.6376
127     13.6745
